1 2 96 91
2 2 52 92
3 16 60 85
4 13 67 69
5 7 81 74
6 13 67 44
7 8 80 52
8 43 66 58
9 7 81 44
10 4 96 48
11 21 31 87
12 52 38 85
13 15 92 87
14 38 75 71
15 22 40 86
16 22 36 86
17 2 96 47
18 51 83 80
19 15 87 87
20 37 68 84
21 31 81 61
22 34 47 84
23 57 34 80
24 15 74 87
25 15 67 87
26 57 78 77
27 46 93 75
28 15 81 87
29 26 86 66
30 16 60 52
31 3 96 0
32 15 60 87
33 15 52 87
34 68 94 56
35 40 68 85
36 22 29 86
37 10 72 56
38 104 66 20
39 104 84 19
40 68 94 28
41 68 94 0
42 104 90 18
43 103 7 81
44 51 83 52
45 57 55 78
46 15 43 87
47 54 81 79
48 97 10 84
49 83 21 84
50 83 14 84
51 105 69 0
52 52 30 85
53 52 22 85
54 65 93 71
55 10 32 63
56 103 56 77
57 15 33 87
58 103 28 80
59 104 5 76
60 12 32 61
61 103 49 77
62 104 90 0
63 103 35 79
64 46 94 38
65 47 95 0
66 103 7 0
67 105 65 0
68 105 61 0
69 103 70 76
70 45 95 0
71 102 71 77
72 97 32 83
73 46 94 0
74 104 84 0
75 103 42 78
76 44 95 0
77 20 88 84
78 40 58 85
79 102 63 77
80 40 48 85
81 75 73 82
82 104 78 0
83 104 72 0
84 104 66 0
85 105 57 0
86 104 60 0
87 21 94 0
88 104 54 0
89 102 79 76
90 102 87 75
91 105 53 0
92 75 37 83
93 105 24 0
94 105 19 0
95 37 57 84
96 105 49 0
97 37 46 84
98 34 36 84
99 105 45 0
100 34 25 84
101 103 63 76
102 103 0 76
103 101 71 24
104 102 47 74
105 102 55 73
106 102 39 73
107 101 88 75
108 105 41 0
109 104 48 0
110 103 84 75
111 105 14 0
112 105 9 0
113 69 93 60
114 103 77 75
115 66 93 62
116 11 32 61
117 20 77 84
118 20 66 84
119 101 80 75
120 101 62 24
121 101 72 75
122 101 64 75
123 42 38 79
124 20 94 0
125 105 4 0
126 97 43 82
127 101 80 17
128 101 80 0
129 100 9 78
130 100 0 78
131 83 29 83
132 103 0 54
133 104 0 47
134 104 6 45
135 104 12 44
136 20 54 84
137 105 37 0
138 20 42 84
139 6 79 56
140 104 42 0
141 101 56 75
142 104 23 42
143 100 27 77
144 100 18 77
145 97 76 81
146 97 65 81
147 75 25 83
148 75 13 83
149 101 48 75
150 103 84 51
151 101 40 75
152 105 33 0
153 101 32 75
154 30 68 76
155 103 77 51
156 41 85 83
157 20 29 84
158 99 59 66
159 99 49 66
160 99 39 66
161 54 54 80
162 100 45 76
163 100 81 75
164 99 9 78
165 9 29 68
166 103 70 51
167 103 63 51
168 101 16 75
169 97 54 81
170 101 8 75
171 100 72 75
172 100 63 75
173 7 35 61
174 100 54 74
175 95 10 49
176 99 19 58
177 103 56 51
178 103 49 51
179 43 80 83
180 21 93 51
181 101 24 74
182 104 18 42
183 104 36 0
184 98 54 0
185 105 29 0
186 103 42 51
187 99 19 76
188 25 81 70
189 33 42 78
190 67 92 57
191 30 38 78
192 95 34 48
193 102 31 73
194 95 22 48
195 90 38 81
196 102 15 72
197 83 44 81
198 75 60 82
199 69 89 46
200 103 35 51
201 43 66 83
202 41 71 83
203 100 36 74
204 102 7 72
205 99 9 58
206 102 23 71
207 103 28 51
208 95 82 44
209 95 46 44
210 95 70 43
211 95 58 43
212 92 22 79
213 90 76 80
214 90 64 80
215 87 13 80
216 104 30 40
217 102 7 46
218 102 23 45
219 75 47 81
220 28 40 81
221 27 73 78
222 99 9 37
223 24 73 82
224 22 91 58
225 103 21 51
226 8 34 61
227 98 90 67
228 104 36 31
229 101 71 0
230 92 10 79
231 102 15 45
232 101 62 0
233 6 35 61
234 5 91 61
235 98 43 0
236 99 19 36
237 104 42 26
238 104 48 23
239 98 32 0
240 105 0 0
241 83 59 80
242 71 74 80
243 9 69 59
244 71 60 80
245 71 46 80
246 24 58 82
247 24 43 82
248 101 53 0
249 24 28 82
250 25 88 72
251 95 34 29
252 95 22 29
253 98 80 67
254 103 14 51
255 103 7 48
256 22 80 76
257 102 39 44
258 102 31 44
259 101 44 0
260 92 75 23
261 90 51 79
262 101 35 0
263 84 43 79
264 104 59 21
265 31 83 79
266 103 7 14
267 95 10 29
268 98 70 67
269 104 30 0
270 48 91 57
271 98 60 67
272 98 50 67
273 28 25 81
274 102 55 43
275 95 70 23
276 95 58 23
277 69 93 0
278 98 21 0
279 98 10 0
280 101 26 0
281 101 17 0
282 101 8 0
283 104 54 21
284 49 91 56
285 90 25 78
286 90 12 78
287 66 93 0
288 102 47 43
289 95 46 23
290 103 85 0
291 104 24 0
292 104 18 0
293 97 21 61
294 97 10 61
295 97 32 60
296 97 43 59
297 97 76 58
298 97 65 58
299 97 54 58
300 104 77 20
301 71 31 80
302 103 91 54
303 88 39 76
304 85 84 76
305 98 40 67
306 104 72 20
307 98 30 67
308 100 0 49
309 100 27 48
310 100 18 48
311 26 88 68
312 104 12 0
313 95 82 22
314 95 82 0
315 97 21 37
316 97 10 37
317 88 69 54
318 103 78 0
319 103 71 0
320 88 55 54
321 87 41 76
322 104 6 0
323 100 9 48
324 99 29 67
325 103 92 0
326 64 0 80
327 57 18 80
328 97 43 34
329 95 70 0
330 95 58 0
331 95 46 0
332 100 36 43
333 99 79 66
334 87 27 76
335 102 0 54
336 85 70 76
337 90 90 57
338 92 0 68
339 85 56 76
340 85 14 76
341 104 0 0
342 89 91 50
343 85 44 23
344 85 74 22
345 84 73 78
346 67 92 0
347 84 58 78
348 48 92 0
349 97 32 34
350 92 62 23
351 92 49 23
352 88 26 75
353 88 13 75
354 100 90 54
355 91 90 55
356 92 82 46
357 80 63 74
358 102 63 41
359 80 47 74
360 102 87 39
361 71 15 79
362 54 37 80
363 54 20 80
364 23 87 68
365 102 79 39
366 97 54 31
367 92 36 23
368 92 75 0
369 92 62 0
370 92 49 0
371 92 36 0
372 94 10 71
373 80 0 76
374 89 91 0
375 98 20 67
376 94 58 69
377 98 10 67
378 80 79 57
379 80 0 57
380 67 16 78
381 57 39 78
382 102 71 39
383 100 45 42
384 54 64 79
385 42 21 79
386 100 54 40
387 97 65 30
388 88 41 54
389 88 13 53
390 85 28 75
391 99 59 35
392 99 49 35
393 99 39 35
394 92 23 0
395 92 10 0
396 102 87 0
397 94 46 69
398 94 34 69
399 102 79 0
400 102 71 0
401 91 64 65
402 88 68 73
403 88 55 73
404 103 64 0
405 97 76 29
406 97 76 0
407 80 31 56
408 55 81 77
409 83 89 57
410 45 81 77
411 99 29 35
412 88 27 52
413 88 27 29
414 33 25 78
415 100 63 39
416 102 63 0
417 103 57 0
418 85 74 0
419 84 28 75
420 84 13 75
421 97 65 0
422 99 69 34
423 99 79 33
424 99 79 0
425 100 81 38
426 100 72 38
427 80 63 53
428 80 47 53
429 88 13 29
430 80 15 36
431 49 91 0
432 94 22 69
433 23 91 0
434 103 50 0
435 103 43 0
436 91 77 64
437 91 51 64
438 78 16 0
439 77 33 74
440 99 69 0
441 97 54 0
442 95 32 64
443 30 20 78
444 100 81 0
445 100 72 0
446 27 55 78
447 103 36 0
448 102 55 0
449 102 47 0
450 85 59 0
451 85 44 0
452 22 91 0
453 95 34 0
454 95 22 0
455 95 10 0
456 94 70 68
457 99 59 0
458 99 49 0
459 99 39 0
460 99 29 0
461 103 29 0
462 103 22 0
463 93 0 62
464 100 63 0
465 80 63 31
466 95 21 64
467 80 47 31
468 102 39 0
469 102 31 0
470 95 10 64
471 77 67 73
472 103 15 0
473 77 50 73
474 77 16 72
475 77 50 52
476 85 29 0
477 100 54 0
478 73 17 26
479 82 88 57
480 85 14 0
481 73 53 25
482 67 35 77
483 52 88 57
484 102 23 0
485 67 54 76
486 57 60 77
487 94 82 67
488 99 19 0
489 102 15 0
490 84 43 55
491 94 10 41
492 84 58 54
493 91 38 64
494 91 25 64
495 88 69 28
496 75 0 69
497 88 55 28
498 88 41 28
499 5 91 0
500 102 7 0
501 99 89 51
502 99 9 0
503 94 22 38
504 77 33 52
505 97 43 0
506 97 32 0
507 77 67 51
508 77 16 50
509 53 86 63
510 77 16 28
511 84 73 53
512 101 0 50
513 101 24 27
514 91 12 64
515 91 51 35
516 91 38 35
517 91 25 35
518 91 12 35
519 76 84 68
520 103 0 0
521 102 0 0
522 88 83 27
523 88 83 0
524 100 45 0
525 100 90 0
526 55 62 77
527 45 62 77
528 45 43 77
529 94 34 37
530 94 70 36
531 101 16 27
532 101 8 27
533 95 46 61
534 91 90 0
535 100 36 0
536 43 93 0
537 84 28 49
538 84 13 49
539 84 43 29
540 91 77 34
541 84 58 28
542 84 73 27
543 61 80 74
544 101 43 26
545 88 69 0
546 88 55 0
547 88 41 0
548 101 35 26
549 101 53 25
550 73 35 25
551 69 17 74
552 94 58 36
553 5 23 74
554 94 46 36
555 94 82 34
556 99 0 50
557 61 39 76
558 61 20 76
559 90 90 0
560 80 31 31
561 97 0 54
562 101 89 0
563 45 23 77
564 78 16 71
565 30 0 77
566 30 48 76
567 101 0 0
568 91 64 34
569 82 0 65
570 77 84 66
571 92 88 51
572 84 73 0
573 88 27 0
574 88 13 0
575 97 21 0
576 97 10 0
577 95 69 60
578 95 58 60
579 94 82 0
580 99 89 0
581 95 0 56
582 94 0 56
583 84 88 51
584 86 0 62
585 84 58 0
586 22 60 76
587 97 87 53
588 96 88 50
589 85 89 0
590 77 33 27
591 77 67 26
592 5 81 54
593 94 70 0
594 80 79 30
595 73 71 24
596 28 81 68
597 94 58 0
598 100 27 0
599 73 71 0
600 69 35 73
601 100 18 0
602 100 9 0
603 94 46 0
604 1 46 73
605 87 41 45
606 87 27 45
607 84 43 0
608 69 74 23
609 69 55 23
610 69 74 0
611 69 55 0
612 96 11 50
613 96 0 50
614 65 55 49
615 96 22 49
616 100 0 0
617 91 77 0
618 91 64 0
619 77 50 26
620 77 67 0
621 77 50 0
622 94 34 0
623 8 81 68
624 98 0 52
625 83 59 50
626 98 20 22
627 73 53 0
628 73 35 0
629 63 0 67
630 99 0 0
631 98 10 22
632 98 42 20
633 96 88 0
634 96 55 48
635 96 44 48
636 91 51 0
637 91 38 0
638 91 25 0
639 91 12 0
640 69 36 0
641 83 89 0
642 69 17 0
643 94 22 0
644 68 37 64
645 92 88 0
646 84 88 0
647 77 33 0
648 65 35 49
649 65 15 49
650 65 75 48
651 61 60 74
652 96 33 48
653 61 62 0
654 60 60 74
655 96 66 46
656 54 86 55
657 60 39 74
658 3 81 68
659 73 89 0
660 83 44 50
661 65 0 65
662 90 25 42
663 90 12 42
664 73 17 0
665 33 79 71
666 84 0 60
667 98 32 20
668 68 18 64
669 65 34 72
670 65 15 72
671 77 16 0
672 76 16 67
673 76 67 66
674 58 83 63
675 91 0 57
676 65 55 25
677 98 54 17
678 65 35 25
679 90 0 57
680 65 15 25
681 65 75 24
682 98 85 0
683 98 75 0
684 65 75 0
685 80 79 0
686 60 18 74
687 49 22 75
688 72 53 69
689 87 13 45
690 59 83 62
691 94 10 0
692 93 22 48
693 76 50 66
694 51 0 68
695 32 80 68
696 65 74 71
697 65 55 71
698 90 51 41
699 96 77 45
700 96 77 0
701 83 29 50
702 80 63 0
703 80 47 0
704 80 31 0
705 57 81 62
706 65 55 0
707 65 35 0
708 65 15 0
709 64 0 55
710 72 17 67
711 61 41 0
712 61 20 0
713 60 60 50
714 60 39 50
715 60 18 50
716 60 39 26
717 60 18 26
718 96 66 0
719 55 42 24
720 55 20 24
721 49 45 74
722 76 33 66
723 83 14 50
724 83 74 49
725 76 16 37
726 98 65 0
727 68 75 63
728 82 88 0
729 52 88 0
730 93 10 48
731 93 34 47
732 93 70 46
733 87 83 44
734 90 38 41
735 90 77 40
736 90 64 40
737 90 77 0
738 90 64 0
739 64 58 54
740 98 0 0
741 64 38 54
742 64 38 28
743 87 0 57
744 72 71 66
745 72 35 66
746 43 0 68
747 60 60 25
748 60 60 0
749 82 13 52
750 96 55 0
751 55 64 0
752 96 44 0
753 55 42 0
754 55 20 0
755 93 58 46
756 49 68 73
757 50 81 62
758 96 33 0
759 5 0 74
760 97 87 0
761 74 83 59
762 90 51 0
763 90 38 0
764 96 22 0
765 93 46 46
766 72 35 36
767 71 0 61
768 93 82 45
769 64 18 28
770 64 58 27
771 97 0 0
772 93 82 0
773 64 58 0
774 76 50 34
775 76 33 34
776 90 25 0
777 60 39 0
778 90 12 0
779 88 83 54
780 60 18 0
781 59 41 65
782 96 11 0
783 96 0 0
784 68 56 63
785 93 70 0
786 1 23 73
787 1 0 73
788 93 58 0
789 93 46 0
790 82 73 51
791 82 58 51
792 74 0 60
793 72 17 36
794 72 71 35
795 88 0 54
796 64 38 0
797 87 69 44
798 64 18 0
799 63 75 66
800 95 0 0
801 63 35 65
802 94 0 0
803 63 15 65
804 37 0 68
805 87 55 44
806 76 67 33
807 76 67 0
808 93 34 0
809 58 62 70
810 58 41 70
811 58 20 70
812 81 0 57
813 81 15 56
814 79 0 58
815 89 0 53
816 54 42 54
817 89 13 52
818 55 86 0
819 54 20 54
820 54 64 53
821 54 20 28
822 54 64 27
823 83 0 56
824 51 40 27
825 51 17 27
826 93 22 0
827 93 10 0
828 80 15 0
829 79 15 51
830 60 81 61
831 76 50 0
832 76 33 0
833 89 52 50
834 89 39 50
835 30 76 69
836 92 70 46
837 68 18 33
838 68 75 32
839 68 56 32
840 79 47 50
841 79 31 50
842 54 42 27
843 54 64 0
844 54 42 0
845 62 80 61
846 51 63 26
847 51 63 0
848 63 55 64
849 80 16 57
850 63 15 35
851 63 55 34
852 92 58 46
853 92 46 46
854 85 0 54
855 54 86 0
856 68 37 32
857 68 75 0
858 78 0 55
859 67 0 59
860 68 56 0
861 68 37 0
862 59 20 65
863 59 62 63
864 35 0 68
865 89 26 50
866 89 65 49
867 89 78 47
868 89 78 0
869 92 34 46
870 72 53 35
871 26 88 0
872 81 30 55
873 87 83 0
874 54 20 0
875 53 20 63
876 87 69 0
877 87 55 0
878 53 42 61
879 93 0 0
880 63 35 34
881 51 40 0
882 51 17 0
883 50 35 64
884 48 22 70
885 46 70 70
886 46 46 70
887 46 22 70
888 68 18 0
889 67 54 43
890 76 16 0
891 75 47 44
892 81 60 53
893 87 41 0
894 72 71 0
895 87 27 0
896 59 62 33
897 72 53 0
898 87 13 0
899 86 12 50
900 57 0 62
901 89 65 0
902 53 64 60
903 53 20 34
904 77 0 55
905 76 0 56
906 86 54 49
907 86 40 49
908 86 26 49
909 67 35 43
910 72 35 0
911 25 88 0
912 72 17 0
913 43 68 57
914 38 50 71
915 38 25 71
916 89 52 0
917 89 39 0
918 2 26 71
919 89 26 0
920 36 0 66
921 75 81 56
922 86 68 48
923 86 82 47
924 86 82 0
925 53 42 31
926 53 64 30
927 53 64 0
928 63 75 33
929 63 75 0
930 81 45 53
931 92 22 24
932 92 10 24
933 75 30 44
934 75 13 44
935 66 0 57
936 67 16 43
937 71 15 42
938 60 0 60
939 50 58 63
940 50 12 63
941 10 74 68
942 48 22 0
943 59 41 33
944 12 73 69
945 59 20 33
946 86 68 0
947 82 43 51
948 81 75 52
949 2 0 71
950 89 13 0
951 81 90 0
952 92 0 0
953 63 55 0
954 63 35 0
955 53 42 0
956 91 0 0
957 90 0 0
958 86 54 0
959 86 40 0
960 86 26 0
961 79 63 49
962 79 79 48
963 89 0 0
964 50 12 33
965 82 28 51
966 59 62 0
967 53 86 0
968 59 41 0
969 59 20 0
970 47 71 66
971 47 47 66
972 47 23 64
973 75 64 41
974 75 64 0
975 86 12 0
976 63 15 0
977 62 0 52
978 43 68 29
979 3 27 69
980 54 0 57
981 38 77 62
982 85 42 42
983 71 33 41
984 71 69 40
985 25 55 70
986 88 0 0
987 50 58 32
988 85 28 24
989 58 41 36
990 70 0 54
991 58 20 36
992 78 80 52
993 78 64 52
994 71 51 40
995 71 69 0
996 47 23 34
997 71 51 0
998 78 48 52
999 78 32 52
1000 67 73 41
1001 4 35 58
1002 43 43 29
1003 43 18 29
1004 43 68 0
1005 43 43 0
1006 43 18 0
1007 40 49 57
1008 85 14 24
1009 40 49 29
1010 25 28 70
1011 69 0 54
1012 58 62 35
1013 84 28 0
1014 58 62 0
1015 84 13 0
1016 83 74 0
1017 39 0 62
1018 50 35 32
1019 50 58 0
1020 50 35 0
1021 71 33 0
1022 87 0 0
1023 85 59 23
1024 86 0 0
1025 75 47 0
1026 75 30 0
1027 53 20 0
1028 75 13 0
1029 73 0 53
1030 72 0 53
1031 52 0 52
1032 83 59 0
1033 83 44 0
1034 83 29 0
1035 42 46 65
1036 83 14 0
1037 40 23 29
1038 40 49 0
1039 40 23 0
1040 71 15 0
1041 34 25 0
1042 58 41 0
1043 58 20 0
1044 41 0 61
1045 85 0 0
1046 3 0 69
1047 70 17 48
1048 64 20 55
1049 50 12 0
1050 74 15 48
1051 82 73 0
1052 82 58 0
1053 82 43 0
1054 74 66 47
1055 82 28 0
1056 79 79 0
1057 52 22 50
1058 51 61 52
1059 70 35 47
1060 42 71 64
1061 42 21 48
1062 72 89 0
1063 70 89 0
1064 57 60 40
1065 67 73 0
1066 82 13 0
1067 39 21 64
1068 81 75 0
1069 39 47 62
1070 39 21 34
1071 39 47 32
1072 84 0 0
1073 74 49 47
1074 49 22 41
1075 33 25 49
1076 16 0 68
1077 83 0 0
1078 79 63 0
1079 47 71 33
1080 47 47 33
1081 47 71 0
1082 51 39 52
1083 47 47 0
1084 49 0 53
1085 70 71 45
1086 81 60 0
1087 81 45 0
1088 57 39 40
1089 42 0 59
1090 74 32 47
1091 74 66 0
1092 74 49 0
1093 74 32 0
1094 42 46 33
1095 53 0 57
1096 42 71 32
1097 79 47 0
1098 42 71 0
1099 34 77 57
1100 79 31 0
1101 49 45 39
1102 49 68 38
1103 70 53 45
1104 70 71 0
1105 70 53 0
1106 68 0 52
1107 23 59 68
1108 48 0 53
1109 47 23 0
1110 79 15 0
1111 46 22 36
1112 74 15 0
1113 78 16 20
1114 78 81 0
1115 67 54 0
1116 67 35 0
1117 67 16 0
1118 55 0 56
1119 42 46 0
1120 81 30 0
1121 41 71 50
1122 74 83 0
1123 29 74 60
1124 11 74 61
1125 78 65 0
1126 78 49 0
1127 78 33 0
1128 39 47 0
1129 73 34 47
1130 73 17 46
1131 73 53 45
1132 46 0 54
1133 66 36 49
1134 40 75 55
1135 66 17 49
1136 66 55 48
1137 9 75 58
1138 31 54 61
1139 81 15 0
1140 57 18 40
1141 46 70 35
1142 31 55 31
1143 57 60 0
1144 46 46 35
1145 57 39 0
1146 62 40 51
1147 57 18 0
1148 46 70 0
1149 56 13 52
1150 58 0 55
1151 46 46 0
1152 9 0 68
1153 3 52 68
1154 82 0 0
1155 70 35 0
1156 81 0 0
1157 66 74 46
1158 80 0 0
1159 77 84 0
1160 71 87 0
1161 62 20 51
1162 59 0 54
1163 56 34 48
1164 70 17 0
1165 46 22 0
1166 69 71 46
1167 45 23 41
1168 69 53 46
1169 14 73 61
1170 31 55 0
1171 61 83 0
1172 59 83 0
1173 79 0 0
1174 28 25 0
1175 24 88 0
1176 66 74 0
1177 49 68 0
1178 28 0 62
1179 61 0 53
1180 78 0 0
1181 77 0 0
1182 58 83 0
1183 69 35 24
1184 76 84 0
1185 39 21 0
1186 45 71 40
1187 45 47 40
1188 43 42 58
1189 43 18 58
1190 64 78 50
1191 76 0 0
1192 75 81 0
1193 49 45 0
1194 75 0 0
1195 27 55 47
1196 26 57 66
1197 23 0 56
1198 69 17 24
1199 74 0 0
1200 62 60 45
1201 34 0 60
1202 62 60 0
1203 73 0 0
1204 72 0 0
1205 56 55 47
1206 38 51 36
1207 38 25 36
1208 66 55 0
1209 71 0 0
1210 70 0 0
1211 69 0 0
1212 31 27 0
1213 56 76 46
1214 30 48 43
1215 33 0 60
1216 13 0 66
1217 66 36 0
1218 66 17 0
1219 38 51 0
1220 38 25 0
1221 68 0 0
1222 37 46 48
1223 49 22 0
1224 40 0 56
1225 67 0 0
1226 64 78 0
1227 40 23 58
1228 45 71 0
1229 45 47 0
1230 27 0 60
1231 56 76 0
1232 48 68 50
1233 48 45 50
1234 48 22 28
1235 66 0 0
1236 65 0 0
1237 60 81 0
1238 30 20 43
1239 45 23 0
1240 35 73 55
1241 22 0 56
1242 56 55 0
1243 37 20 48
1244 34 78 0
1245 32 0 59
1246 26 58 33
1247 51 17 52
1248 64 0 0
1249 26 58 0
1250 57 81 0
1251 50 81 0
1252 32 26 56
1253 63 0 0
1254 56 34 0
1255 55 41 47
1256 26 0 57
1257 45 0 52
1258 44 0 53
1259 36 21 51
1260 28 82 0
1261 26 28 0
1262 62 40 0
1263 25 28 36
1264 62 20 0
1265 41 46 50
1266 55 20 47
1267 44 47 49
1268 44 23 49
1269 52 66 49
1270 24 0 58
1271 62 80 0
1272 62 0 0
1273 61 40 24
1274 34 51 57
1275 61 20 24
1276 61 62 22
1277 20 0 57
1278 25 58 35
1279 25 58 0
1280 31 0 57
1281 23 60 34
1282 23 60 0
1283 10 0 63
1284 52 44 49
1285 44 71 46
1286 48 69 0
1287 47 0 51
1288 61 0 0
1289 35 21 53
1290 51 86 0
1291 37 72 54
1292 52 66 0
1293 52 44 0
1294 59 0 0
1295 36 73 52
1296 25 28 0
1297 24 28 46
1298 60 0 0
1299 8 81 0
1300 56 13 0
1301 38 0 53
1302 52 22 0
1303 58 0 0
1304 13 68 58
1305 44 71 0
1306 31 83 0
1307 55 64 24
1308 23 29 0
1309 22 29 50
1310 57 0 0
1311 56 0 0
1312 35 47 52
1313 25 0 57
1314 55 0 0
1315 41 21 50
1316 39 73 49
1317 54 0 0
1318 53 0 0
1319 52 0 0
1320 22 60 39
1321 48 46 0
1322 21 31 0
1323 12 0 61
1324 11 0 61
1325 51 0 0
1326 32 80 0
1327 50 0 0
1328 49 0 0
1329 48 0 0
1330 47 0 0
1331 44 47 0
1332 44 23 0
1333 39 73 0
1334 20 29 47
1335 46 0 0
1336 33 52 44
1337 33 52 0
1338 32 53 49
1339 8 0 61
1340 45 0 0
1341 42 21 0
1342 30 48 0
1343 30 20 0
1344 29 46 48
1345 22 60 0
1346 40 75 0
1347 44 0 0
1348 1 64 60
1349 36 47 50
1350 43 0 0
1351 7 0 61
1352 24 58 41
1353 24 58 0
1354 29 18 48
1355 42 0 0
1356 38 77 0
1357 18 0 57
1358 17 0 57
1359 37 46 0
1360 37 20 0
1361 36 73 0
1362 41 71 0
1363 41 46 0
1364 41 21 0
1365 9 35 59
1366 28 53 52
1367 6 0 61
1368 27 84 0
1369 9 75 0
1370 33 79 0
1371 20 62 44
1372 41 0 0
1373 40 0 0
1374 36 47 0
1375 39 0 0
1376 35 73 0
1377 33 25 0
1378 32 53 0
1379 38 0 0
1380 36 21 0
1381 21 0 53
1382 27 26 47
1383 29 46 0
1384 29 18 0
1385 37 72 0
1386 35 47 0
1387 17 64 52
1388 6 83 0
1389 37 0 0
1390 27 55 0
1391 27 26 0
1392 4 0 58
1393 35 21 0
1394 24 28 0
1395 29 74 0
1396 17 31 51
1397 16 27 52
1398 15 0 54
1399 36 0 0
1400 11 74 0
1401 20 62 0
1402 19 0 53
1403 21 62 51
1404 35 0 0
1405 28 25 30
1406 30 76 0
1407 7 82 0
1408 34 25 28
1409 28 54 0
1410 14 73 0
1411 34 52 0
1412 34 0 0
1413 33 0 0
1414 18 65 49
1415 32 26 0
1416 31 27 33
1417 10 35 56
1418 6 41 56
1419 32 0 0
1420 31 0 0
1421 30 0 0
1422 29 0 0
1423 14 0 51
1424 28 0 0
1425 22 29 0
1426 20 29 0
1427 18 31 50
1428 27 0 0
1429 10 74 0
1430 18 65 0
1431 16 62 50
1432 21 31 36
1433 21 63 0
1434 15 71 0
1435 23 29 36
1436 19 67 0
1437 15 34 44
1438 26 28 34
1439 26 0 0
1440 25 0 0
1441 19 33 48
1442 24 0 0
1443 23 0 0
1444 22 0 0
1445 15 34 0
1446 19 33 0
1447 21 0 0
1448 20 0 0
1449 12 73 0
1450 17 65 0
1451 13 30 0
1452 13 68 0
1453 18 31 0
1454 14 36 47
1455 5 41 54
1456 17 31 0
1457 14 36 0
1458 12 35 46
1459 12 35 0
1460 19 0 0
1461 16 62 0
1462 18 0 0
1463 17 0 0
1464 13 30 44
1465 8 40 52
1466 16 27 0
1467 11 36 48
1468 11 36 0
1469 14 0 0
1470 16 0 0
1471 15 0 0
1472 7 40 0
1473 4 54 48
1474 1 64 0
1475 13 0 0
1476 2 51 47
1477 4 54 0
1478 8 40 0
1479 12 0 0
1480 2 51 0
1481 7 40 44
1482 10 35 0
1483 11 0 0
1484 10 0 0
1485 6 41 0
1486 9 35 0
1487 9 0 0
1488 8 0 0
1489 7 0 0
1490 6 0 0
1491 5 41 0
1492 3 52 0
1493 5 0 0
1494 4 0 0
1495 3 0 0
1496 2 0 0
1497 1 0 0
