1 2 96 91
2 2 52 92
3 15 67 87
4 13 67 69
5 7 81 74
6 13 67 44
7 8 80 52
8 45 95 31
9 7 81 44
10 4 96 48
11 22 36 86
12 43 94 84
13 21 56 87
14 43 68 75
15 22 45 86
16 22 41 86
17 2 96 47
18 46 94 56
19 21 51 87
20 83 54 83
21 37 71 71
22 57 56 78
23 49 87 77
24 21 38 87
25 21 31 87
26 43 43 74
27 21 93 75
28 21 45 87
29 45 95 0
30 16 60 52
31 3 96 0
32 15 60 87
33 15 52 87
34 45 94 72
35 20 88 84
36 22 29 86
37 10 72 56
38 102 82 82
39 102 14 81
40 46 94 28
41 46 94 0
42 68 31 81
43 64 54 81
44 43 94 56
45 55 58 79
46 15 43 87
47 53 37 79
48 102 75 80
49 102 68 80
50 102 21 80
51 103 23 70
52 68 66 85
53 39 69 85
54 45 67 73
55 10 32 63
56 102 0 80
57 15 33 87
58 68 50 80
59 61 76 76
60 12 32 61
61 102 7 79
62 103 89 20
63 103 83 20
64 21 94 38
65 43 95 0
66 102 63 0
67 104 48 0
68 94 93 67
69 57 32 80
70 26 86 33
71 102 55 0
72 102 47 0
73 21 94 0
74 103 26 20
75 103 20 20
76 23 89 34
77 97 87 84
78 70 35 85
79 102 39 0
80 68 56 85
81 101 72 82
82 103 34 19
83 103 89 0
84 103 83 0
85 104 44 0
86 103 77 0
87 20 94 48
88 49 62 76
89 101 80 81
90 54 78 81
91 104 40 0
92 44 32 83
93 103 0 45
94 103 38 44
95 39 58 85
96 104 36 0
97 39 47 85
98 39 36 85
99 104 32 0
100 39 25 85
101 103 34 0
102 102 29 78
103 98 36 81
104 102 31 0
105 102 23 0
106 102 15 0
107 44 58 80
108 104 28 0
109 103 71 0
110 103 27 0
111 103 47 43
112 103 58 42
113 104 24 0
114 103 20 0
115 102 43 60
116 11 32 61
117 20 77 84
118 20 66 84
119 102 7 0
120 44 81 81
121 101 56 78
122 101 64 77
123 101 48 77
124 20 94 0
125 103 53 42
126 98 49 64
127 98 77 80
128 98 68 80
129 68 88 80
130 41 39 80
131 97 65 21
132 103 13 0
133 103 33 39
134 103 28 39
135 103 23 39
136 20 54 84
137 104 20 0
138 20 42 84
139 6 79 56
140 25 82 69
141 101 40 77
142 103 18 39
143 100 35 51
144 98 49 79
145 94 66 82
146 94 55 81
147 94 58 67
148 94 10 67
149 101 88 75
150 103 6 0
151 101 16 75
152 104 16 0
153 101 32 74
154 30 68 76
155 102 54 62
156 83 42 83
157 20 29 84
158 98 39 64
159 98 79 63
160 98 69 63
161 97 60 80
162 100 17 51
163 100 8 34
164 98 27 78
165 9 29 68
166 102 47 62
167 102 61 61
168 101 24 74
169 94 10 81
170 101 8 74
171 100 17 31
172 98 18 77
173 7 35 61
174 98 9 77
175 83 59 82
176 98 9 59
177 102 36 60
178 102 14 55
179 68 18 81
180 104 12 0
181 101 0 74
182 103 92 38
183 103 65 0
184 30 37 78
185 104 8 0
186 102 22 53
187 100 35 30
188 102 29 51
189 98 19 58
190 67 92 57
191 97 73 77
192 94 70 66
193 101 8 50
194 94 34 52
195 94 82 51
196 101 0 50
197 68 75 80
198 64 41 81
199 103 43 44
200 102 7 51
201 64 14 81
202 44 18 83
203 100 26 30
204 101 32 49
205 27 74 77
206 101 24 49
207 102 0 51
208 94 46 51
209 94 10 50
210 94 70 49
211 91 50 80
212 91 38 80
213 83 74 80
214 83 14 80
215 26 74 80
216 103 87 38
217 101 16 49
218 100 16 70
219 64 28 81
220 28 40 81
221 27 44 78
222 98 29 57
223 64 0 81
224 22 91 58
225 102 75 50
226 8 34 61
227 102 68 50
228 102 92 54
229 100 62 29
230 94 58 49
231 100 34 69
232 22 82 73
233 6 35 61
234 5 91 61
235 97 76 20
236 98 29 35
237 103 82 38
238 103 65 31
239 97 76 0
240 97 83 40
241 68 37 80
242 23 76 80
243 9 69 59
244 54 64 81
245 54 50 81
246 54 35 81
247 54 20 81
248 100 53 29
249 44 66 81
250 25 88 72
251 94 22 49
252 94 22 30
253 98 19 35
254 102 85 49
255 102 7 18
256 97 65 0
257 101 48 48
258 101 40 48
259 100 44 29
260 92 12 0
261 91 77 79
262 100 80 27
263 83 29 79
264 103 6 24
265 57 18 80
266 102 29 17
267 94 10 30
268 98 9 35
269 80 91 57
270 48 91 56
271 97 50 70
272 97 40 70
273 28 25 81
274 101 64 47
275 94 70 29
276 94 58 29
277 104 4 0
278 97 54 0
279 97 43 0
280 100 71 27
281 100 80 0
282 100 71 0
283 103 71 23
284 23 91 56
285 91 64 78
286 91 0 78
287 104 0 0
288 101 56 47
289 93 10 76
290 102 22 17
291 103 59 0
292 103 53 0
293 97 32 0
294 97 21 0
295 97 10 0
296 96 21 69
297 96 76 68
298 96 43 68
299 96 32 68
300 103 13 22
301 31 82 79
302 103 47 0
303 91 25 77
304 91 64 58
305 97 10 70
306 103 77 21
307 97 30 68
308 100 62 0
309 100 53 0
310 100 44 0
311 26 88 68
312 103 41 0
313 94 46 29
314 93 22 75
315 96 65 67
316 96 10 66
317 88 69 20
318 102 15 17
319 99 90 54
320 88 55 20
321 88 41 20
322 103 0 0
323 100 35 0
324 100 26 0
325 102 92 0
326 44 42 80
327 41 23 80
328 96 54 64
329 94 34 29
330 94 82 28
331 93 34 74
332 100 17 0
333 98 59 64
334 88 83 0
335 91 90 54
336 88 69 0
337 69 90 57
338 97 20 68
339 88 55 0
340 88 41 0
341 50 91 48
342 49 91 50
343 85 29 0
344 85 14 0
345 84 72 75
346 88 78 39
347 84 42 75
348 67 92 0
349 96 10 40
350 91 51 58
351 91 38 58
352 91 77 57
353 90 12 75
354 90 90 54
355 89 90 55
356 50 91 0
357 80 15 40
358 101 72 46
359 80 79 39
360 101 80 45
361 80 15 22
362 26 57 80
363 23 59 80
364 84 87 68
365 101 88 38
366 96 54 37
367 91 0 55
368 91 25 54
369 91 25 31
370 90 38 74
371 90 25 74
372 93 70 72
373 84 27 75
374 49 91 0
375 98 39 34
376 93 46 71
377 98 69 33
378 80 47 21
379 80 31 21
380 80 79 20
381 79 31 78
382 101 88 0
383 100 8 0
384 55 41 79
385 53 20 79
386 99 0 51
387 94 44 68
388 88 27 0
389 88 13 0
390 87 13 67
391 98 59 33
392 98 49 33
393 98 79 32
394 91 12 31
395 90 51 73
396 100 44 55
397 93 82 70
398 93 58 70
399 100 70 54
400 83 89 58
401 88 83 72
402 88 26 72
403 88 13 72
404 102 39 15
405 94 33 68
406 94 22 68
407 80 63 20
408 80 79 0
409 98 89 57
410 80 63 0
411 98 79 0
412 87 27 66
413 87 55 65
414 57 39 78
415 99 18 50
416 100 53 54
417 102 61 14
418 84 12 75
419 84 57 74
420 84 57 52
421 94 82 67
422 98 69 0
423 98 59 0
424 98 49 0
425 99 9 50
426 99 27 49
427 80 47 0
428 80 31 0
429 87 41 65
430 79 15 76
431 48 91 0
432 94 82 0
433 23 91 0
434 102 54 14
435 102 47 14
436 90 77 71
437 90 64 71
438 77 67 42
439 77 16 26
440 98 39 0
441 96 43 37
442 96 32 37
443 30 19 78
444 99 54 48
445 99 45 48
446 27 26 78
447 102 85 0
448 100 80 53
449 100 62 53
450 84 42 52
451 84 12 52
452 22 91 0
453 94 70 0
454 94 58 0
455 94 46 0
456 94 34 0
457 98 29 0
458 98 19 0
459 98 9 0
460 97 0 51
461 102 78 0
462 102 71 0
463 93 0 62
464 99 36 48
465 80 15 0
466 96 21 37
467 79 47 74
468 100 8 53
469 100 0 53
470 96 65 35
471 77 50 22
472 102 0 0
473 77 33 22
474 77 67 21
475 77 67 0
476 84 72 51
477 99 63 47
478 71 51 76
479 82 88 57
480 84 27 51
481 71 15 76
482 61 58 76
483 81 88 57
484 101 80 0
485 61 40 76
486 57 60 77
487 94 22 0
488 97 87 48
489 100 26 52
490 84 12 28
491 94 10 0
492 84 27 27
493 91 38 30
494 91 77 29
495 87 69 60
496 75 0 69
497 87 83 59
498 87 27 40
499 5 91 0
500 101 72 0
501 100 89 51
502 97 73 40
503 93 34 43
504 77 50 0
505 96 76 34
506 96 76 0
507 77 33 0
508 75 64 74
509 54 86 63
510 75 13 74
511 84 72 26
512 101 64 0
513 101 56 0
514 91 64 29
515 91 51 29
516 91 77 0
517 91 64 0
518 91 51 0
519 76 84 68
520 99 90 0
521 91 90 0
522 87 13 40
523 87 41 38
524 99 72 45
525 90 90 0
526 49 68 77
527 30 0 77
528 27 55 77
529 93 22 43
530 92 12 65
531 101 48 0
532 101 40 0
533 96 65 0
534 89 90 0
535 99 81 44
536 66 93 0
537 84 57 26
538 84 42 26
539 84 72 0
540 91 38 0
541 84 57 0
542 84 42 0
543 75 30 73
544 101 32 0
545 87 55 37
546 87 83 31
547 85 14 69
548 101 24 0
549 101 16 0
550 71 69 75
551 71 33 75
552 93 10 43
553 5 23 74
554 93 46 38
555 93 58 37
556 99 81 0
557 60 18 76
558 49 43 76
559 69 90 0
560 79 79 72
561 96 0 53
562 101 8 0
563 24 68 77
564 79 63 68
565 24 48 77
566 24 28 77
567 101 0 0
568 91 25 0
569 91 12 0
570 81 0 65
571 99 72 0
572 84 27 0
573 87 69 31
574 85 28 68
575 96 54 0
576 96 43 0
577 96 32 0
578 96 21 0
579 93 82 36
580 100 89 0
581 95 0 56
582 94 0 56
583 98 0 51
584 84 0 62
585 84 12 0
586 30 48 76
587 95 87 54
588 99 63 0
589 100 0 0
590 75 47 72
591 73 17 72
592 5 81 54
593 93 70 36
594 79 15 49
595 73 17 0
596 28 81 68
597 93 82 0
598 99 54 0
599 72 35 62
600 72 17 62
601 99 45 0
602 99 36 0
603 93 70 0
604 1 46 73
605 87 83 0
606 87 69 0
607 83 29 50
608 69 17 0
609 68 56 62
610 68 75 57
611 68 37 57
612 96 10 0
613 95 10 50
614 65 55 72
615 95 21 49
616 99 27 0
617 90 38 40
618 90 25 40
619 77 16 0
620 76 33 60
621 76 16 60
622 93 58 0
623 8 81 68
624 97 63 35
625 83 14 50
626 97 30 23
627 72 53 61
628 72 71 60
629 63 0 67
630 99 18 0
631 97 20 23
632 96 87 52
633 99 9 0
634 95 54 48
635 95 43 48
636 90 12 40
637 90 51 38
638 90 77 36
639 90 64 36
640 68 18 57
641 98 89 0
642 67 16 73
643 93 46 0
644 65 15 73
645 99 0 0
646 98 0 0
647 76 67 59
648 65 35 72
649 65 75 49
650 65 55 49
651 65 35 49
652 95 32 48
653 60 60 75
654 60 39 75
655 95 76 45
656 95 65 45
657 49 22 75
658 3 81 68
659 83 89 0
660 83 74 49
661 65 0 65
662 90 77 0
663 90 64 0
664 69 17 71
665 33 79 71
666 82 0 60
667 97 10 23
668 68 37 32
669 68 18 32
670 65 75 72
671 76 50 59
672 76 33 32
673 76 16 32
674 52 83 63
675 90 0 57
676 65 15 49
677 97 53 22
678 65 75 25
679 89 0 57
680 65 55 25
681 65 35 25
682 97 43 22
683 97 87 0
684 65 15 25
685 79 31 48
686 61 20 24
687 43 46 75
688 72 17 35
689 59 83 62
690 58 83 62
691 92 0 55
692 91 13 55
693 76 67 30
694 76 50 30
695 52 0 68
696 68 75 31
697 67 35 70
698 90 51 0
699 95 76 0
700 95 65 0
701 83 59 49
702 79 47 43
703 79 63 37
704 77 81 66
705 77 65 62
706 65 75 0
707 65 55 0
708 65 35 0
709 65 15 0
710 72 35 34
711 61 62 0
712 61 41 0
713 61 20 0
714 60 18 52
715 60 60 51
716 60 39 51
717 60 39 27
718 85 86 50
719 55 20 26
720 55 64 24
721 43 21 74
722 76 67 0
723 83 44 49
724 82 43 51
725 76 50 0
726 97 0 0
727 67 54 68
728 82 88 0
729 81 88 0
730 93 34 0
731 93 22 0
732 93 10 0
733 87 55 0
734 90 38 0
735 90 25 0
736 90 12 0
737 89 38 47
738 89 25 47
739 64 40 55
740 96 87 0
741 64 20 55
742 64 0 55
743 86 0 57
744 72 71 31
745 44 0 68
746 32 79 68
747 60 18 27
748 60 60 26
749 82 28 51
750 95 54 0
751 55 64 0
752 95 43 0
753 45 45 73
754 45 23 73
755 92 24 51
756 22 60 73
757 57 81 62
758 95 32 0
759 5 0 74
760 96 0 0
761 87 41 0
762 89 12 47
763 89 64 45
764 95 21 0
765 92 49 50
766 72 53 31
767 71 0 61
768 92 37 50
769 64 58 28
770 64 38 28
771 95 87 0
772 73 85 52
773 64 18 28
774 76 33 0
775 76 16 0
776 89 51 45
777 60 60 0
778 89 77 44
779 55 84 55
780 58 41 71
781 58 20 71
782 95 10 0
783 85 86 0
784 67 73 67
785 92 61 49
786 1 23 73
787 1 0 73
788 92 85 48
789 92 73 48
790 82 13 51
791 82 73 50
792 74 0 60
793 72 71 0
794 72 53 0
795 87 0 54
796 64 58 0
797 87 27 0
798 64 38 0
799 64 18 0
800 95 0 0
801 63 75 67
802 94 0 0
803 63 55 67
804 38 0 68
805 87 13 0
806 75 13 41
807 75 47 39
808 92 12 18
809 60 39 0
810 60 18 0
811 58 62 70
812 80 15 58
813 80 76 57
814 79 0 58
815 89 77 0
816 55 42 0
817 88 0 53
818 73 86 0
819 55 20 0
820 54 64 55
821 54 42 55
822 54 20 55
823 74 83 56
824 51 58 27
825 45 71 72
826 92 85 0
827 92 73 0
828 79 79 36
829 79 79 0
830 60 81 61
831 75 30 39
832 62 80 61
833 89 64 0
834 89 51 0
835 30 76 69
836 92 61 0
837 68 56 31
838 68 75 0
839 68 56 0
840 79 63 0
841 78 0 55
842 54 64 28
843 54 42 28
844 54 20 28
845 51 80 62
846 51 35 27
847 51 12 27
848 63 15 66
849 80 0 57
850 63 35 65
851 63 35 35
852 92 49 0
853 92 37 0
854 83 0 54
855 55 86 0
856 68 37 0
857 68 18 0
858 67 0 59
859 61 81 59
860 67 16 41
861 67 35 38
862 59 41 66
863 59 20 66
864 36 0 68
865 89 38 0
866 89 25 0
867 89 12 0
868 88 65 39
869 92 25 0
870 72 35 0
871 26 88 0
872 82 58 50
873 86 27 49
874 54 64 0
875 54 42 0
876 86 13 49
877 85 0 53
878 54 20 0
879 93 0 0
880 63 15 35
881 51 58 0
882 51 35 0
883 51 12 0
884 50 22 63
885 50 45 62
886 47 47 62
887 46 46 69
888 67 54 35
889 67 73 34
890 75 64 37
891 75 64 0
892 81 28 53
893 86 41 48
894 72 17 0
895 86 69 47
896 59 62 65
897 71 33 40
898 86 55 47
899 85 42 52
900 57 0 62
901 88 52 39
902 53 42 64
903 53 64 61
904 77 0 55
905 76 0 56
906 86 83 46
907 86 83 0
908 85 58 51
909 67 73 0
910 71 15 40
911 25 88 0
912 71 69 39
913 43 46 0
914 37 46 71
915 37 21 71
916 88 39 39
917 88 26 22
918 2 26 71
919 88 13 22
920 37 0 66
921 75 81 56
922 86 69 0
923 86 55 0
924 85 72 50
925 53 20 49
926 53 42 34
927 53 64 31
928 63 75 34
929 63 55 34
930 81 13 53
931 92 0 0
932 91 0 0
933 75 47 0
934 75 30 0
935 66 0 57
936 67 54 0
937 71 51 39
938 60 0 60
939 50 68 61
940 50 68 32
941 10 74 68
942 46 22 69
943 59 20 34
944 12 73 69
945 59 62 33
946 86 41 0
947 81 58 52
948 81 43 52
949 2 0 71
950 88 83 20
951 44 90 0
952 84 87 0
953 63 75 0
954 63 55 0
955 53 64 0
956 90 0 0
957 89 0 0
958 86 27 0
959 86 13 0
960 85 28 19
961 79 47 0
962 78 16 52
963 88 0 0
964 50 45 32
965 81 73 51
966 59 41 33
967 54 86 0
968 59 62 0
969 59 41 0
970 47 71 33
971 47 47 33
972 46 70 68
973 75 13 0
974 74 15 47
975 85 14 19
976 63 35 0
977 63 15 0
978 43 21 0
979 3 27 69
980 62 20 52
981 39 77 62
982 85 72 0
983 71 69 0
984 71 51 0
985 39 25 58
986 87 0 0
987 50 22 32
988 85 58 0
989 59 20 0
990 70 0 54
991 58 62 36
992 78 48 51
993 78 32 51
994 71 33 0
995 71 15 0
996 47 23 33
997 70 35 45
998 78 80 50
999 78 64 50
1000 67 35 0
1001 4 35 58
1002 42 50 61
1003 42 25 61
1004 42 0 61
1005 42 46 32
1006 42 21 32
1007 39 51 57
1008 85 44 0
1009 39 51 29
1010 25 55 69
1011 69 0 54
1012 58 41 36
1013 83 74 0
1014 58 20 36
1015 83 59 0
1016 83 44 0
1017 40 0 62
1018 50 68 0
1019 50 45 0
1020 50 22 0
1021 70 17 45
1022 86 0 0
1023 85 0 0
1024 84 0 0
1025 74 32 46
1026 74 66 45
1027 53 42 0
1028 74 49 45
1029 73 0 53
1030 72 0 53
1031 52 17 52
1032 83 29 0
1033 83 14 0
1034 82 73 0
1035 42 71 31
1036 82 58 0
1037 39 25 29
1038 39 51 0
1039 39 25 0
1040 70 53 44
1041 25 28 69
1042 58 62 0
1043 58 41 0
1044 58 20 0
1045 83 0 0
1046 3 0 69
1047 70 71 43
1048 64 60 55
1049 49 22 42
1050 74 66 0
1051 82 43 0
1052 82 28 0
1053 82 13 0
1054 74 49 0
1055 81 73 0
1056 79 31 0
1057 51 34 53
1058 51 12 53
1059 70 71 0
1060 42 71 0
1061 41 48 66
1062 72 89 0
1063 70 89 0
1064 57 60 40
1065 67 16 0
1066 81 58 0
1067 38 20 64
1068 81 43 0
1069 38 46 62
1070 38 20 34
1071 38 46 32
1072 82 0 0
1073 74 32 0
1074 47 23 63
1075 31 27 62
1076 16 0 68
1077 74 83 0
1078 79 15 0
1079 47 71 0
1080 47 47 0
1081 47 23 0
1082 50 0 53
1083 46 70 35
1084 42 75 61
1085 70 53 0
1086 81 28 0
1087 81 13 0
1088 57 39 40
1089 43 0 59
1090 74 15 0
1091 73 68 49
1092 73 51 49
1093 73 34 49
1094 42 46 0
1095 54 0 57
1096 42 21 0
1097 78 80 0
1098 41 23 48
1099 53 0 57
1100 78 64 0
1101 49 45 41
1102 47 71 62
1103 70 35 0
1104 70 17 0
1105 69 35 50
1106 68 0 52
1107 31 27 33
1108 49 0 53
1109 46 46 35
1110 78 48 0
1111 46 22 35
1112 73 17 24
1113 78 32 0
1114 77 16 46
1115 66 17 49
1116 66 36 46
1117 66 74 44
1118 55 0 56
1119 41 48 33
1120 80 61 40
1121 41 48 0
1122 61 83 0
1123 29 74 60
1124 11 74 61
1125 78 16 0
1126 77 49 43
1127 77 33 43
1128 38 46 0
1129 73 69 0
1130 73 52 0
1131 73 35 0
1132 48 0 54
1133 66 55 44
1134 46 0 55
1135 66 74 0
1136 66 55 0
1137 9 75 58
1138 31 55 61
1139 80 46 40
1140 57 18 40
1141 46 70 0
1142 31 55 31
1143 57 60 0
1144 46 46 0
1145 57 39 0
1146 62 0 52
1147 57 18 0
1148 46 22 0
1149 56 13 52
1150 58 0 55
1151 45 71 37
1152 9 0 68
1153 3 52 68
1154 81 0 0
1155 69 54 49
1156 80 31 40
1157 34 78 52
1158 80 0 0
1159 77 84 0
1160 71 87 0
1161 62 60 51
1162 59 0 54
1163 56 34 48
1164 69 72 48
1165 45 47 37
1166 69 17 23
1167 45 23 37
1168 69 72 0
1169 14 73 61
1170 31 55 0
1171 59 83 0
1172 58 83 0
1173 79 0 0
1174 28 25 0
1175 24 88 0
1176 66 36 0
1177 49 68 39
1178 28 0 62
1179 61 0 53
1180 78 0 0
1181 77 0 0
1182 52 83 0
1183 69 54 0
1184 76 84 0
1185 38 20 0
1186 45 71 0
1187 45 47 0
1188 45 23 0
1189 44 42 43
1190 35 78 50
1191 76 0 0
1192 75 81 0
1193 49 68 0
1194 75 0 0
1195 27 26 47
1196 27 55 46
1197 23 0 56
1198 69 36 0
1199 74 0 0
1200 62 40 51
1201 34 0 60
1202 61 20 47
1203 73 0 0
1204 72 0 0
1205 56 55 47
1206 37 47 36
1207 37 21 36
1208 64 78 49
1209 71 0 0
1210 70 0 0
1211 69 0 0
1212 31 27 0
1213 56 76 46
1214 30 48 43
1215 33 0 60
1216 13 0 66
1217 66 17 0
1218 64 78 0
1219 37 47 0
1220 37 21 0
1221 68 0 0
1222 15 71 61
1223 49 45 0
1224 41 0 56
1225 67 0 0
1226 35 78 0
1227 40 71 50
1228 44 18 43
1229 44 66 41
1230 27 0 60
1231 56 76 0
1232 49 22 0
1233 48 22 51
1234 48 45 50
1235 66 0 0
1236 65 0 0
1237 60 81 0
1238 30 20 43
1239 44 66 0
1240 36 73 55
1241 22 0 56
1242 56 55 0
1243 35 0 56
1244 34 78 0
1245 32 0 59
1246 26 58 0
1247 51 58 52
1248 64 0 0
1249 26 28 0
1250 57 81 0
1251 51 81 0
1252 32 26 56
1253 63 0 0
1254 56 34 0
1255 55 20 49
1256 26 0 57
1257 47 0 52
1258 45 0 53
1259 35 26 52
1260 28 82 0
1261 25 58 35
1262 62 60 0
1263 25 28 35
1264 62 40 0
1265 40 46 50
1266 55 63 47
1267 44 42 0
1268 44 18 0
1269 52 39 50
1270 24 0 58
1271 62 80 0
1272 62 20 0
1273 62 0 0
1274 34 51 57
1275 61 61 24
1276 61 41 24
1277 20 0 57
1278 25 58 0
1279 25 28 0
1280 31 0 57
1281 23 60 0
1282 23 29 0
1283 10 0 63
1284 52 61 49
1285 43 70 49
1286 48 68 46
1287 48 68 0
1288 61 0 0
1289 32 53 56
1290 53 86 0
1291 38 72 54
1292 53 20 0
1293 52 61 0
1294 59 0 0
1295 37 73 52
1296 24 58 41
1297 24 28 41
1298 60 0 0
1299 8 81 0
1300 56 13 0
1301 39 0 53
1302 52 39 0
1303 58 0 0
1304 13 68 58
1305 43 21 28
1306 31 83 0
1307 55 42 26
1308 22 29 50
1309 22 60 37
1310 57 0 0
1311 56 0 0
1312 35 52 51
1313 25 0 57
1314 55 0 0
1315 40 21 50
1316 41 73 49
1317 54 0 0
1318 53 0 0
1319 52 17 0
1320 22 60 0
1321 48 45 0
1322 21 31 0
1323 12 0 61
1324 11 0 61
1325 52 0 0
1326 32 80 0
1327 51 0 0
1328 50 0 0
1329 49 0 0
1330 48 22 0
1331 43 46 26
1332 43 71 0
1333 41 73 0
1334 20 29 47
1335 48 0 0
1336 34 25 0
1337 33 52 49
1338 33 25 49
1339 8 0 61
1340 47 0 0
1341 41 23 0
1342 30 48 0
1343 30 20 0
1344 29 46 48
1345 21 0 53
1346 46 0 0
1347 45 0 0
1348 1 64 60
1349 36 21 50
1350 44 0 0
1351 7 0 61
1352 24 58 0
1353 24 28 0
1354 29 18 48
1355 43 0 0
1356 39 77 0
1357 18 0 57
1358 17 0 57
1359 36 47 48
1360 36 47 0
1361 37 73 0
1362 40 71 0
1363 40 46 0
1364 40 21 0
1365 9 35 59
1366 28 53 52
1367 6 0 61
1368 27 84 0
1369 9 75 0
1370 33 79 0
1371 20 62 44
1372 42 0 0
1373 41 0 0
1374 36 21 0
1375 40 0 0
1376 36 73 0
1377 33 52 0
1378 33 25 0
1379 39 0 0
1380 35 52 0
1381 19 66 53
1382 27 55 0
1383 29 46 0
1384 29 18 0
1385 38 72 0
1386 35 26 0
1387 17 64 52
1388 6 83 0
1389 38 0 0
1390 27 26 0
1391 26 57 33
1392 4 0 58
1393 34 25 44
1394 23 59 34
1395 29 74 0
1396 17 31 51
1397 16 27 52
1398 15 0 54
1399 37 0 0
1400 11 74 0
1401 20 62 0
1402 19 0 53
1403 21 62 51
1404 36 0 0
1405 28 25 30
1406 30 76 0
1407 7 82 0
1408 35 0 0
1409 28 54 0
1410 14 73 0
1411 34 52 0
1412 34 0 0
1413 33 0 0
1414 18 65 49
1415 32 53 0
1416 32 26 0
1417 10 35 56
1418 6 41 56
1419 32 0 0
1420 31 0 0
1421 30 0 0
1422 29 0 0
1423 14 0 51
1424 28 0 0
1425 22 29 0
1426 20 29 0
1427 18 31 50
1428 27 0 0
1429 10 74 0
1430 18 65 0
1431 16 62 50
1432 21 31 36
1433 21 63 0
1434 15 71 0
1435 23 29 34
1436 19 67 0
1437 15 34 44
1438 26 28 33
1439 26 0 0
1440 25 0 0
1441 19 33 48
1442 24 0 0
1443 23 0 0
1444 22 0 0
1445 15 34 0
1446 19 33 0
1447 21 0 0
1448 20 0 0
1449 12 73 0
1450 17 65 0
1451 13 30 0
1452 13 68 0
1453 18 31 0
1454 14 36 47
1455 5 41 54
1456 17 31 0
1457 14 36 0
1458 12 35 46
1459 12 35 0
1460 19 0 0
1461 16 62 0
1462 18 0 0
1463 17 0 0
1464 13 30 44
1465 8 40 52
1466 16 27 0
1467 11 36 48
1468 11 36 0
1469 14 0 0
1470 16 0 0
1471 15 0 0
1472 7 40 0
1473 4 54 48
1474 1 64 0
1475 13 0 0
1476 2 51 47
1477 4 54 0
1478 8 40 0
1479 12 0 0
1480 2 51 0
1481 7 40 44
1482 10 35 0
1483 11 0 0
1484 10 0 0
1485 6 41 0
1486 9 35 0
1487 9 0 0
1488 8 0 0
1489 7 0 0
1490 6 0 0
1491 5 41 0
1492 3 52 0
1493 5 0 0
1494 4 0 0
1495 3 0 0
1496 2 0 0
1497 1 0 0
